10
20
23
245
22
123
3
3295
4214125
21
324
113
842734
93321344
3131313
2243
999999310
20
23
245
22
123
3
3295
4214125
21
324
113
842734
93321344
3131313
2243
999999310
20
23
245
22
123
3
3295
4214125
21
324
113
842734
93321344
3131313
2243
999999310
20
23
245
22
123
3
3295
4214125
21
324
113
842734
93321344
3131313
2243
999999310
20
23
245
22
123
3
3295
4214125
21
324
113
842734
93321344
3131313
2243
999999310
20
23
245
22
123
3
3295
4214125
21
324
113
842734
93321344
3131313
2243
999999310
20
23
245
22
123
3
3295
4214125
21
324
113
842734
93321344
3131313
2243
999999310
20
23
245
22
123
3
